,site_nums,Lat,Lon,solar_filenames,wind_filenames,year
7,8,36.594552,-121.28990125,,,resource_files
8,9,42.975076,-121.28990125,,,resource_files
12,13,36.594552,-113.3505725,,,resource_files
13,14,42.975076,-113.3505725,,,resource_files
17,18,36.594552,-105.41124375000001,,,resource_files
18,19,42.975076,-105.41124375000001,,,resource_files
21,22,30.214028000000003,-97.471915,,,resource_files
22,23,36.594552,-97.471915,,,resource_files
23,24,42.975076,-97.471915,,,resource_files
26,27,30.214028000000003,-89.53258625000001,,,resource_files
27,28,36.594552,-89.53258625000001,,,resource_files
28,29,42.975076,-89.53258625000001,,,resource_files
31,32,30.214028000000003,-81.5932575,,,resource_files
32,33,36.594552,-81.5932575,,,resource_files
38,39,42.975076,-73.65392875,,,resource_files
